ADM
-1.1701628919269318
12.7259894
1.193622384
5.62105

MO
1.2316937644919093
21.90149258
38.07561879
16.1971

CL
-0.08713513310186698
24.6493316
52.75577685
16.54852

COST
1.0596570295692913
30.27366266
6.661887158
7.39528

CAG
0.7846028994260118
-10.40466211
3.988756834
-0.20501

CHD
0.6203069545107855
27.9765469
5.385072919
9.99213

CCE
0.5660914543394991
21.22697645
8.232338676
9.25847

STZ
2.3077630191766576
34.45281652
4.801924073
7.1918

CLX
1.6219083810185202
25.37569532
138.2388623
15.39421

CVS
0.14868227654389263
21.93849592
2.936345663
6.91977

KO
0.3566926569862208
27.54040734
6.186129019
8.17623

EL
0.7327323085945034
28.86843879
9.06130188
14.00422

DPS
1.8112981496097524
24.73716653
7.839429303
9.61385

GIS
0.6959245151938985
23.80323445
6.908765361
6.36171

HRL
2.80213592722666
31.17853972
5.225703815
11.98074

K
0.8268449714041627
70.43860039
9.224925551
5.04392

KR
1.4825693934799204
-1000
7.528161045
6.78343

MJN
-0.9552867732246288
23.4572988
27.81055568
21.3733

KMB
0.7645582866101875
78.14370952
63.78970445
9.93236

TAP
1.0373312840415492
42.10318598
2.215629388
4.12654

MDLZ
1.181948495089462
8.69356087
2.688204035
3.86091

MNST
1.999487050148535
-1000
-1000
-1000

MKC
1.0196111676604525
27.67901816
6.12984416
10.68265

KHC
-1000
126.0895832
12.17872974
-1000

PEP
0.5688123573448335
29.67574026
8.546357748
9.58219

RAI
2.300790795838254
17.81392188
10.84420135
10.88731

SJM
1.2539973153962434
38.0515754
2.081116926
3.04235

HSY
-0.6093743324214212
39.50472136
13.56140825
16.45309

SYY
0.3353392586471729
37.66339944
4.632318215
5.37996

PG
-0.6215342676038116
29.88585456
3.514043473
5.43752

TSN
1.2646046504699517
18.05348714
2.0306235
6.00703

CPB
1.3097688313050069
25.21944176
11.80471852
9.37875

PM
0.7070587162561315
18.8946497
-10.76791392
22.4102

GMCR
-0.3505776780622678
-1000
5.088203544
11.35495

WFM
-1.1181927583671336
22.54996331
3.101128255
9.56374

WMT
-1.288449966153141
13.14474725
2.431093687
8.79537

WBA
0.49648252377813795
21.26657909
3.00720302
8.70104

