AMZN
3.4974542379461444
975.4649252
29.26067072
-0.22078

CBS
-0.5729699380312466
15.38456647
3.428252493
12.66355

CVC
1.5986373324900072
44.03825807
-1.736003024
10.26994

AZO
1.0785771943286508
20.09759929
-13.3691963
16.21211

BBY
-0.5705903691492685
11.53408939
2.142582442
8.93679

BWA
-0.7186777556726275
15.71119991
2.706867166
9.90749

AN
-0.05476934483836567
14.81823766
3.262519796
6.2487

KMX
-0.7360783547370339
18.27614383
3.57094185
4.98883

BBBY
-1.5547332634165176
9.434995326
3.063618499
15.10133

CCL
0.9099455106251351
24.10619248
1.769322166
4.82443

DLPH
0.7111439844256765
14.85928099
8.834555734
13.53417

DG
0.1323922338421573
18.80424044
3.819367602
10.16399

CMCSA
-0.05229979350311866
17.69070634
2.720350179
6.33725

DLTR
0.3580781197240955
62.16940882
8.897953655
20.72706

CMG
-1.0353066741775534
28.62324498
7.398398995
19.55296

DHI
0.8900228869341
15.77816869
2.003253364
7.5384

DISCK
-0.8406433867147465
16.54788655
2.09104448
8.71939

DLPH
0.7111439844256765
14.85928099
8.834555734
13.53417

DISCA
-0.7284683976572008
16.54788655
2.09104448
8.71939

DRI
1.0562819690913443
22.3212873
3.455405451
12.78228

COH
-0.3181804429890919
23.8964378
3.635934884
10.0352

HD
1.4114606964720813
24.77580009
18.54224969
17.13329

HAR
-0.254727369939329
19.39706769
2.82553672
7.17734

GME
-0.38677384406923504
7.784000322
1.460515191
9.59629

GT
0.5468376233394672
3.214535368
2.438787549
16.1948

HBI
0.22414752064539986
29.99020911
8.50553221
10.60539

GPS
-1.597346989198774
10.14236099
3.485987036
17.21274

IPG
0.628278317502145
19.31180774
4.551933301
4.20524

HAS
0.9356921101367996
19.31574767
5.723058676
10.80846

GPC
-0.8891721242066206
18.53074412
3.983609134
9.27837

GM
0.058390034712654665
12.47537534
1.534703391
2.84648

JCI
-0.6789094726468939
16.71315298
2.463813639
6.31104

GRMN
-0.8991856577338029
13.3522516
2.094914098
7.73529

HOG
-1.014665851276214
12.08337744
3.305651433
8.98916

LB
0.7049136350998334
24.11530826
1554.510172
16.99362

KORS
-1.1345119404231194
9.950671859
3.763337841
35.94587

MCD
1.5831686859855936
25.58627061
8.850346365
14.46564

MAT
-0.2139762817858435
30.72312772
3.114939558
8.81061

M
-1.5702573805284685
9.280064043
2.215356705
8.27627

ORLY
1.4041094106289422
28.98825897
12.75662877
12.89423

NKE
1.384337431102908
31.55832483
8.430395284
17.8601

OMC
0.02076974723831608
17.37437177
6.549237697
5.58509

NWSA
-0.5187863040619879
-199.1354747
0.650434637
-0.9417

JWN
-1.166686097800182
14.28452534
3.880688645
9.09535

MHK
0.8865877979524535
24.49158513
3.125616806
7.2319

NWS
-0.25928369817263014
-1000
-1000
-0.9417

LOW
0.582346503992596
24.05468709
7.323276155
9.36182

KORS
-1.1345119404231194
9.950671859
3.763337841
35.94587

PCLN
0.4406369689761475
26.6030634
7.729010796
19.53807

PVH
-1.3399091958868512
12.52444401
1.392445759
4.73869

ROST
0.5658693460800142
21.91683617
9.796335431
21.55678

PHM
-0.5000885076579151
13.40636388
1.370201663
6.98925

RL
-1.080627371008525
17.39309565
2.472558066
11.77622

HOT
-0.44564309085209564
21.53425277
7.845419636
8.5592

TIF
-0.9038080977157579
19.91276725
3.480097118
11.25409

TSCO
0.37574590010164066
28.56083458
9.014385061
18.9413

TGNA
0.07462615256659781
5.941696876
1.777737189
12.16513

SNI
-1.0623970795815372
12.699692
5.275888114
12.83584

SPLS
-1.336659984005488
208.6362635
1.143028192
1.54935

SWK
0.6784759733017764
21.59250059
2.608451966
5.41054

SNA
1.443386232990738
21.87781857
4.512359359
12.13222

SBUX
2.13292878175114
32.94749038
15.32323475
26.11684

SIG
-0.2067955382764486
23.35554083
3.534126505
7.98855

TWX
-0.983389938602955
14.73782039
2.198293713
7.15024

FOXA
-1.2110059103153172
7.246203614
3.215183216
17.32994

TRIP
0.2977200883878525
53.87318158
10.83025153
-1000

TJX
0.20997734370453155
21.61863971
11.38644594
21.1638

AAP
-0.1736364221519021
22.1182423
5.491187649
7.98374

F
-0.24618908452816868
11.80630703
2.277234445
2.76169

EXPE
1.2502143069025935
19.54138434
8.852053918
5.51936

KSS
-0.6228799491379486
12.68878097
1.598002145
7.55871

TWC
1.0934872285096668
27.82583864
6.503641535
6.0664

TGT
-0.07740179623549531
-63.16274781
3.321136166
-2.52103

MAR
-0.5036174254471235
22.23054678
-8.529315454
13.2631

NWL
0.7492959529176918
30.95244853
6.409389727
6.72615

LEN
0.3292705706967993
14.13583902
2.077570691
-1000

RCL
0.8152356845748349
39.36248644
2.679155609
5.48808

URBN
-1.0118260279243794
12.75331446
2.23570085
11.70595

WYNN
-0.9442758885226353
36.10509667
-243.8757957
10.73796

UA
0.6075894697889141
83.48177299
12.76913231
11.72397

WYN
-0.5891955361214595
15.8685765
7.007765261
6.20443

VFC
-0.6165749118587729
25.8781958
4.785310595
10.89775

DIS
0.5722771059759729
21.42469937
3.77603558
9.92557

VIAB
-1.3173477327947032
8.694569063
4.631375088
10.3633

FOX
-1.084492822243061
7.246203614
3.215183216
17.32994

YUM
0.07800091013728754
34.86890295
20.49364374
14.30989

WHR
-0.741124547172461
17.16390555
2.345109257
5.43536

