AMT
-0.00014200820801769216
72.15420385
9.728075055
5.85483

AIV
0.5177627496969662
125.4072619
5.626410538
7.42086

ACE
0.06659299251946607
11.61402365
1.225245665
3.16398

AFL
0.027615422059436054
10.48261933
1.938021891
2.61915

AON
-0.0855179956174527
21.124713
3.929203856
5.23657

AMG
-0.9240627309825419
16.82984474
3.277908056
7.44038

ALL
-0.48521333578959525
10.8452626
1.392959419
2.83345

AIG
0.5911119383838674
18.08181635
0.911664882
1.7025

AON
-0.0855179956174527
21.124713
3.929203856
5.23657

CBG
0.03744188377013513
20.32133387
5.095440185
7.61087

SCHW
0.3355628509322939
33.17415377
3.953294213
0.93027

BAC
-0.1863321739784425
12.46694445
0.789578179
1.66604

BLK
-0.10427186321650075
17.50150818
2.050471382
1.49878

BXP
0.10424608721173939
32.13703469
3.427616527
3.6934

COF
-0.42197369037053906
10.00783268
0.886595396
1.56132

HRB
0.04984203220777254
20.13029213
5.002545126
10.98132

AVB
0.8200570149332767
33.80237808
2.687745963
5.07506

BK
0.14162206418921558
17.80200175
1.28468849
0.70636

CB
1.0630040685725974
15.28112348
2.119881319
4.39816

CME
0.350488812218902
24.23736728
1.452540736
1.90439

CMA
-0.319436027563098
13.89244102
1.011665497
0.92029

CCI
0.8494722147723769
19.44295668
4.297402967
3.66302

C
-0.16827450523003235
11.65740082
0.782180611
-1000

ETFC
0.6883947215026492
39.72870681
1.59517009
0.81779

EQR
0.8223186487410635
35.02287755
2.869167368
4.0873

EFX
1.9131672245127946
32.49980361
6.04407841
8.9426

BEN
-1.4761003446053111
11.18996095
1.876657786
12.61181

FITB
0.051735723471502196
12.15243502
1.158681432
-1000

HIG
0.27954744912075635
11.51481108
1.128140668
0.40391

HBAN
0.3255177607028122
14.04801346
1.510413247
1.05728

GS
-0.2598908522167911
11.84142198
1.105667912
1.37585

JPM
0.3765264523933959
11.25282437
1.158853249
1.57294

IVZ
-0.5201936008042519
13.95907131
1.692899278
5.21384

HCP
-0.3672857692318419
74.96276366
1.637653915
5.81785

GGP
-0.031040600068114325
17.79664735
3.269808534
4.38568

ICE
0.8118974617853181
24.23083773
2.3428302
1.57256

HST
-1.2495167334589479
18.16395036
1.58042183
6.96295

MET
-0.34629305962226337
9.345378875
1.015865195
0.79428

KEY
-0.11160383112025127
12.28039048
1.107093372
1.05641

MMC
-0.06105776894049951
19.75650718
4.245941163
9.43784

KIM
0.4390890305739722
21.57341237
2.282611182
5.56103

MTB
-0.05708275499958451
16.20127118
1.44390395
1.31497

LNC
-0.4347565140489921
10.65756144
1.031459392
0.7078

L
-0.4626328932519898
21.24104889
0.778213445
1.15561

PBCT
0.5992553322852242
19.20286438
1.072924554
-1000

MS
-0.64832585369212
19.55997553
0.926181952
0.70979

MCO
0.28224543988712353
21.52031948
-109.1898319
24.5385

LM
-1.0821477319424364
14.02774619
0.975034709
3.87682

LUK
-0.9548193351400326
30.03869101
0.538556798
0.57703

MAC
0.20189366095033032
7.743137981
2.263306554
14.65351

MHFI
0.5278441615064692
533.9327357
54.94615801
-1.19467

PGR
1.1690019268359073
14.35516989
3.164547813
5.66902

O
0.6583063842998893
47.1029404
2.225098401
3.99085

PFG
-0.42736980519635354
10.97073049
1.298090237
0.53553

RF
-0.1671726442035664
14.02852467
0.807068576
-1000

PSA
2.129017491030926
41.52674862
8.284804491
11.62958

PCL
0.673916994369379
36.29145797
5.023306055
5.93802

TMK
0.3559642912441739
13.54438249
1.556689475
3.08501

SLG
-0.1517670376274959
57.52458109
1.639356675
4.54674

STT
-0.5647717286302777
15.53283523
1.412072024
0.88553

TROW
-0.6436169925875003
15.46960717
3.459881302
22.84264

SYF
0.09424600428553342
11.27419651
2.419810696
3.5652

STI
0.18591632261983818
12.64093314
1.031739628
1.07468

TRV
0.5128962525872557
10.21405605
1.590008447
3.78095

PLD
0.17341574414567787
19.3240186
1.573520782
3.32189

PRU
-0.2781192975041632
10.29203578
1.651530572
-1000

PNC
0.3207763252448198
12.9299289
1.227610653
1.36807

USB
-0.13874942588637584
13.52224912
1.967898306
1.64301

AIZ
0.9751090447914715
45.2161962
1.279655681
1.66086

AMP
-0.7826920518163485
12.2287259
2.398635514
1.26141

AXP
-1.1320201092367816
12.56653724
3.441670638
4.51314

BBT
-0.004815290256473143
14.09547983
1.253719445
-1000

CINF
1.0703364026743074
15.18000713
2.01962618
3.07263

ESS
0.9470767105857049
79.63318476
2.562861376
2.73567

NDAQ
1.0833951951945051
27.37012389
1.694945815
4.13126

NAVI
-1.3764694731501694
4.641283102
1.096450182
1.64241

NTRS
0.3797785893380436
18.11679693
2.087384541
0.86091

SPG
0.5177067163707519
36.35921687
12.06356152
6.53478

DFS
-0.7647059682163373
11.04298671
2.281037017
-1000

HCN
-0.27269602438098856
40.80214062
1.776761226
3.42976

ZION
-0.12703942932861673
25.02039483
0.870676573
0.83966

WY
-0.633267172912465
28.05040747
2.992717354
14.62903

VTR
-0.2532963794706402
47.34734987
1.940363872
3.51931

UNM
-0.11502716457860643
22.43548231
0.985624009
0.85689

VNO
-0.19711626578242483
19.65588556
3.43450294
5.65353

XL
1.0256340414858258
9.949539218
1.173525171
0.61219

HCN
-0.27269602438098856
40.80214062
1.776761226
3.42976

WFC
0.09268955276858155
13.14504038
1.701528277
1.53725

