ABBV
-0.2035325363481744
34.63294865
54.11825349
7.23535

AGN
0.6877886254203426
35.19794196
2.932951784
-3.63214

ABC
0.9773302671629874
-167.4470518
33.86913667
-0.27846

AMGN
0.14033759157729828
19.38470229
4.788414151
9.68491

ABT
0.0868457791234083
24.20306809
3.146236076
5.90533

AET
0.7881366983301674
16.55742757
2.821463424
4.41251

A
0.15405294794651367
34.92869483
3.331155348
4.85296

ALXN
0.08941943772719074
168.8919977
11.49900623
17.6132

BXLT
-1000
16.32746889
4.593845212
21.02142

HSIC
0.9077854755200222
27.74674183
4.723251391
8.26429

BDX
0.7042295056118956
46.00731388
4.531838778
4.76813

CERN
-0.290610567332438
40.57234041
5.776323505
12.23856

BSX
1.3705318072191681
-61.92699735
3.79095516
0.12764

BMY
0.7930206522513346
64.85400353
7.656194963
6.02372

BIIB
-0.23682732081754576
20.01020902
6.64800907
22.56662

BAX
-0.10464956597894207
12.17993519
2.548240778
10.18967

BCR
0.7055696382769837
111.439884
7.860724511
6.30185

CAH
0.6147097784741498
22.29670932
4.680396809
4.65207

CI
1.5541179608255589
17.97924481
3.521427982
4.14076

XRAY
0.7572398293495906
31.39462602
3.693551551
7.29744

DVA
-0.5088170922421158
31.34372249
2.907318886
6.07579

ENDP
-0.3440203674261377
-7.968231331
3.967796233
-6.53524

EW
0.8861726372950002
37.39990387
7.770417023
27.21573

ESRX
0.15476895277459493
27.12330475
3.164843517
4.4463

HUM
0.7609307185173376
20.52974047
2.768589206
5.75644

JNJ
0.07075722389207298
19.69472564
4.098702756
12.9959

HCA
-0.2580147032550384
14.14199795
-3.602345599
10.02149

ISRG
0.1444437911121072
37.81181543
5.915089513
10.95274

ILMN
0.10911519228655939
56.02761523
18.84666662
12.23327

LH
0.6988334138302551
26.75281322
3.708542816
8.16354

LLY
0.9410163890011686
38.10927766
6.087309772
6.86822

MNK
-0.4773484876505641
27.15506879
1.633945517
3.34509

MDT
0.4193455105508727
46.69288923
2.054352145
4.32994

MYL
-0.09660600252947439
29.54160903
6.231252024
7.36178

MCK
-0.2110211587513402
25.79245398
5.718954814
3.25498

MRK
-0.17729949564463965
14.20415771
3.081599783
12.15394

PRGO
-0.40215657789347947
145.6217819
1.985407815
1.33461

REGN
0.9789291971687397
105.534421
21.68341577
11.7761

STJ
-0.1397205205646061
17.53788347
4.216952462
10.45437

TMO
0.6508057006095662
28.91811515
2.764569505
5.90596

THC
-0.8666584178687078
173.5295974
4.579059495
2.92539

DGX
0.3460137281777315
14.56965829
2.381808494
7.03904

PKI
1.1723610311221209
34.76585263
2.950689669
4.48851

CELG
0.21107709695676974
60.08760367
14.68734235
13.94814

PDCO
-0.2196869041035921
24.43969057
3.083765454
8.43583

PFE
0.3549763240658142
24.18847076
2.849274265
5.92296

GILD
0.3081642859321888
9.329819553
9.832998408
43.53908

SYK
0.0006906746692077206
30.17091724
4.087412845
3.52545

ZBH
-0.4305742318738077
100.8592512
2.669844317
7.92197

ZTS
0.41247081256672113
54.37606863
18.32462659
10.10193

UNH
0.7199017359361123
18.84709708
3.458080736
-1000

VRTX
0.14565984935717163
-45.85508039
28.29866389
-29.70501

ANTM
0.5236548636982862
13.32259443
1.574891571
4.89378

UHS
0.25370733249806104
17.74367864
3.157322668
7.17255

WAT
0.975392684519181
24.05478316
5.906015332
12.16649

VAR
-0.302192090897716
19.74459174
4.629619191
12.01195

