ADT
-0.26332920931367165
19.16405374
1.873840994
4.03525

AME
0.12173430045770692
21.52736052
3.992255069
10.34914

MMM
-0.32012386821901506
19.48798741
7.298548575
15.71187

APH
-0.0901283356249218
21.8764377
5.566924069
11.5401

ALLE
0.9645228893764229
58.01029436
-1316.031104
10.87358

CAT
-0.9035736828932891
14.03465419
2.459995432
5.2694

BA
0.6460387640015092
18.19392034
11.79292571
6.20408

CMI
-1.5215733522766395
9.416217379
2.069353417
11.13688

CTAS
0.9750826792487247
25.58993238
5.263021165
10.83999

DHR
0.5044662005393393
19.89359327
2.798148426
7.47421

GLW
-0.732028403759658
12.57013835
1.207983929
9.37907

DAL
0.13021526969163458
14.41023015
4.746663758
2.2285

DOV
-0.48181866078342
15.91834855
2.70062157
8.63182

DE
-0.4906865898157251
13.21509643
3.58183432
5.26375

CSX
-0.9732192238748165
12.88000794
2.308320094
7.03401

EXPD
0.12727842490595603
19.57372087
4.626225257
12.7635

FLS
-1.030381248819905
15.96879141
2.926856481
11.21271

ETN
-0.8465086408061655
12.0520138
1.542475068
-1000

EMR
-0.8875441076340655
11.93985911
3.874512223
12.2771

FLIR
-0.500002419445281
16.29457177
2.433873317
9.00285

FDX
-0.6633434684015269
34.90445261
3.079149474
3.42392

DNB
-0.5283364088537439
17.07162428
-3.100711824
18.38335

JBHT
-0.584039467012192
20.48418172
7.099865571
12.62314

GD
0.09508833074243521
15.66609584
3.857135897
7.33941

IR
-0.5396963326358315
23.58952415
3.22033249
6.1471

HON
0.29099521535721823
18.12556234
4.588121519
9.86684

JEC
-0.2314062181086032
17.46148525
1.203768153
3.98164

IRM
-1.057647950676454
43.6348853
6.617825746
7.51962

GE
1.2382695978607756
-42.95543528
2.443738536
3.28322

ITW
0.006823136410189082
18.35483617
5.204644646
16.80997

LLL
-0.14608487992882824
85.11562792
1.855187088
5.60069

LEG
0.06603851322834889
22.73686705
5.050463039
4.06047

LMT
0.9647713231441155
19.27193468
20.05443215
11.55155

PH
-0.9965658277075959
14.87865945
2.632576768
8.51881

PNR
-0.8625240539951389
16.22640447
1.997255065
2.35761

NSC
-0.7673242854362567
15.22278938
2.101388745
7.16953

NLSN
0.12445859866981669
43.97364825
3.297755344
-1000

PCAR
-1.0969604638936203
10.22089051
2.488197752
6.57844

NLSN
0.12445859866981669
43.97364825
3.297755344
-1000

PNR
-0.8625240539951389
16.22640447
1.997255065
2.35761

NOC
1.5066435265397569
18.20357197
5.191433516
8.81147

MAS
1.1369820761654574
26.12798371
10.56656299
13.95143

KSU
-1.23598357196567
16.99173237
2.198483526
7.08368

PBI
-0.5252114338026658
10.86910384
54.11565555
7.71877

RHI
-0.8067914351157842
18.10298772
6.501163148
19.50115

PCP
-0.1331152472983762
24.50374078
2.942037187
8.28563

PWR
-0.671137787874526
11.05077901
0.978509042
4.9534

TXT
-0.0020445066238759715
17.11947529
2.719852205
5.25718

SRCL
-0.2998985756596836
38.65806306
5.402052556
8.91344

LUV
0.07621605450961397
15.81750615
4.588499872
6.11733

ROP
1.1534623815049152
28.57968823
3.996103762
8.42899

R
-1.3260438334963862
12.64608779
1.656657662
3.30213

COL
0.5810634141739697
17.9890824
6.49299966
10.18427

RSG
0.7851667393703861
24.72279172
2.003186017
-1000

UNP
-1.3211162861034422
13.5132326
3.260146623
10.82443

AAL
-0.5464530395475892
6.056489954
14.61554597
8.03856

CHRW
-0.6125733911089
18.24192879
8.675448985
15.48747

FAST
-0.5043632819444924
22.92473197
6.305981722
22.3115

FLR
-0.7159602409719361
10.47389865
2.256114419
6.5548

ROK
-0.24131111182520582
16.83900755
6.019834653
14.43438

GWW
-0.899110433564527
17.79856199
4.255951084
15.18904

RTN
0.9032351316797648
18.3446367
4.013722593
9.06391

UAL
-0.3909611546671069
3.330233814
8.956736153
4.24459

WM
0.4410088242119941
22.97479746
4.171861235
7.24185

URI
-0.7041749914423127
11.84425038
3.948852878
7.60191

VRSK
0.843295933319012
26.12504681
57.52553706
18.37327

TYC
-1.3432123925947617
24.71326643
3.332793265
5.11645

UPS
-0.561137298196164
22.05076856
40.67631618
9.17402

XYL
-0.12423610030067403
20.69090621
3.128326525
7.625

UTX
-0.7387253110397619
14.4987258
2.798951479
7.74199

