ADI
0.07239302522066912
25.15414734
3.402984624
10.30849

AKAM
-0.5572506507048383
28.81404404
3.186041953
9.86359

ADBE
1.245692752718239
75.6775062
6.679090267
5.96359

ACN
0.9556317444853236
22.01163141
11.07464309
18.14049

ADSK
0.05066058349866197
-48.91028858
6.232475775
1.94833

AAPL
-0.11290996241727966
11.4203507
4.91994006
20.62745

GOOG
1.5094853748451262
34.31137165
5.095134092
11.98882

AMAT
-0.8751143128073048
16.66964107
2.844765676
10.24768

GOOGL
1.6141491548622622
34.31137165
5.095134092
11.98882

ADS
-0.14691365824473704
36.35812395
7.364645821
4.03297

CA
-0.13884425409315446
16.67357332
2.211191837
-1000

ADP
0.21259545410940223
26.7779256
8.217408354
4.47052

AVGO
1.1334945987571974
29.08457382
8.55254406
14.79292

CTXS
0.5873928662314838
43.37281301
5.595533706
5.15501

CTSH
0.5365474643005748
23.5513873
4.725456209
14.73129

CSRA
-1000
22.00833382
4.608054264
12.15121

FSLR
1.0642633104119115
11.69088257
1.316376993
6.08459

EA
1.4908379632381996
26.98277492
7.016863242
15.1438

EBAY
0.6112954162972295
15.0912698
1.689717563
-1000

EQIX
1.8414477207222877
-86.37825404
7.75216798
-1.11326

EMC
-0.4783253037194402
21.71706245
2.328041027
6.12543

FB
1.3293648499939883
105.0339318
8.109872331
10.12397

FFIV
-0.963454324529526
19.27094115
5.164757457
16.27233

FIS
-0.03913266237506888
23.97730702
2.633175488
5.52885

HPQ
-0.9711756753571531
10.44977701
1.76187875
5.69566

INTC
-0.09065177574483109
14.75684234
2.9279251
12.90945

HPQ
-0.9711756753571531
10.44977701
1.76187875
5.69566

IBM
-0.5393553542050581
9.638847527
11.48503407
10.57288

INTU
0.21878267373987909
66.27929339
11.49169323
7.52681

HPE
-1000
17.93065907
0.776202002
3.8066

HRS
1.0516717222181589
27.67216066
3.163798605
5.65569

JNPR
0.9684460163506103
-46.30407342
2.335207647
-3.10549

PAYX
1.0651869887336018
26.37010839
10.69946007
10.53966

NFLX
2.6467161578779854
304.9157923
26.03883561
4.83479

NTAP
-1.300376141998841
20.92023657
2.378685079
6.48335

NVDA
1.9432273435895662
30.83486697
4.065282054
9.14145

MU
-1.2130130377583723
5.720726322
1.19592263
13.88587

MCHP
0.24298338811242348
26.86911437
4.599708935
9.25215

PYPL
-1000
38.65497336
5.354506217
2.04092

MSFT
0.8048016016614891
37.05212208
5.560956529
7.28651

MSI
0.19493440888432706
28.51346569
5.501027153
15.38135

KLAC
0.06426903760508663
28.19713434
25.9752443
8.52392

LLTC
-0.1732852470434136
20.62621769
6.452916803
29.43579

SNDK
-0.47843917600052904
37.24981985
2.511362269
10.58546

QRVO
-1000
48.26199249
1.229046576
5.04888

CRM
1.0176664202051944
-574.6114996
12.83129675
-2.16961

SYMC
-0.6606144309678538
21.80526857
2.420219203
6.9427

TDC
-1.038816263901716
-66.98442777
2.289114489
11.86934

TXN
0.19121737196494387
19.68502415
5.521232924
15.6451

TEL
0.18695417755361668
10.97301667
2.655806128
13.71872

TSS
2.0168670191937004
25.57820768
5.440791843
9.34555

RHT
0.8175250968706107
79.59438389
11.79804373
5.41284

QCOM
-0.9835742257976271
15.54264783
2.42440263
11.03666

YHOO
-1.1063410335549226
135.8326962
0.804278443
19.22462

ATVI
3.373907797353434
26.38772845
3.863667359
5.6819

BRCM
1.0871550710369322
25.12078438
3.826559776
5.63632

CSCO
0.02692169264905072
14.55306362
2.313028257
8.68664

FISV
1.5093617050529553
31.3994507
6.670055856
9.13103

ORCL
-0.8198528805536515
17.42560749
3.260171906
10.819

LRCX
0.05317036786894198
17.41544409
2.467210455
8.10545

MA
0.6621943928800844
29.93481737
16.52628827
24.81347

SWKS
0.17210327260230912
18.75755344
4.627989912
24.24196

STX
-1.1683000624576745
8.682739681
3.831754329
20.46178

WU
0.1332777254893473
11.02391469
7.182445721
9.66625

XLNX
0.4754557237764546
21.99495245
4.646290486
13.77388

V
0.866121699974049
30.11065929
6.324767888
16.02569

XRX
-0.7476315547705293
34.90052203
1.111724773
4.89894

VRSN
2.487154806843047
34.37854175
-11.71292082
20.00259

WDC
-1.279990298678025
10.6775872
1.498156008
9.75782

