AES
-0.9953699835311791
11.23898884
1.576746366
4.37251

AEE
-0.12010790705212099
16.24296251
1.562281857
3.69482

AEP
-0.015521530503068084
16.15152105
1.695451436
3.69212

GAS
0.661068253438503
19.38564927
2.017622563
4.06226

D
-0.5117592181563719
22.427799
3.424439023
3.99423

CMS
0.36223358972458813
19.42594451
2.705507673
4.05208

ED
0.07463433111775297
17.20408915
1.49675193
3.47513

ETR
-0.8801402651555654
-77.92000547
1.22434359
3.04626

DUK
-0.5582758033757146
20.40979665
1.234806834
2.49465

EXC
-0.8913267153988325
12.39466721
1.056360817
2.77711

ES
-0.06255112697826051
17.70356567
1.622595956
3.66458

DTE
-0.1904653216136213
15.11934877
1.704446588
4.39203

FE
-0.6954767119288766
26.96752932
1.07581186
1.79306

EIX
-0.3418035660008223
12.81582444
1.760153761
4.31262

NEE
0.039284222733312946
14.90530832
2.31086916
4.55458

NRG
-1.1233070517283605
-268.5988361
0.405912633
2.394

SCG
0.2076982489819469
11.47831
1.730885152
4.62769

TE
1.0665550160828463
46.86537061
2.431384576
2.89461

SRE
-0.6856249574112762
18.47110738
2.048764879
3.97042

SO
-0.00423943738955642
17.94975793
2.13039984
3.79976

PCG
0.17287365520388967
29.48219207
1.607431902
3.45646

PEG
-0.12707982733864107
10.64752058
1.606140029
5.21951

PNW
-0.10429452012446298
17.84212019
1.632433453
3.58097

PPL
0.3136918120878998
23.35304212
1.667554465
5.02171

CNP
-0.7742844928785648
-875.1191611
1.735884592
3.0517

POM
0.033983670058589134
28.40790529
1.520933096
2.72784

NI
0.8953320030541403
16.36140519
0.998476134
3.40752

XEL
0.20329674327316577
18.76214916
1.777954407
3.85136

WEC
0.038871484275699884
22.15878535
2.618117466
4.97965

